1 0.25 0.5958 0.0641 0.1361
1 0.2133 0.4514 0.0609 0.1361
1 0.275 0.4542 0.0578 0.1361
1 0.1758 0.2944 0.0453 0.0972
1 0.5031 0.8986 0.1297 0.1472
1 0.5336 0.8069 0.1141 0.125
1 0.4789 0.6889 0.1047 0.1083
1 0.4227 0.5736 0.0984 0.1083
1 0.3891 0.4736 0.0859 0.1083
1 0.3453 0.3889 0.0984 0.0917
1 0.3266 0.3125 0.0797 0.075
1 0.307 0.25 0.0797 0.075
1 0.2797 0.1972 0.0641 0.0694
1 0.2633 0.1417 0.0641 0.0583
1 0.2477 0.0958 0.0641 0.0583
1 0.3094 0.0681 0.0578 0.0583
1 0.3461 0.1167 0.0578 0.0583
1 0.3461 0.1597 0.0578 0.0583
1 0.3742 0.2167 0.0672 0.0583
1 0.3969 0.2736 0.0703 0.0694
1 0.4328 0.3417 0.0703 0.0694
1 0.4875 0.4194 0.0797 0.0806
1 0.5023 0.5069 0.0828 0.0861
1 0.5602 0.6097 0.0984 0.0972
1 0.6109 0.7264 0.1016 0.1083
1 0.8547 0.7097 0.1016 0.1417
1 0.7594 0.5847 0.1016 0.1417
1 0.6852 0.4653 0.0797 0.1028
1 0.6188 0.3694 0.0797 0.1028
1 0.5656 0.2861 0.0641 0.0861
1 0.5086 0.2194 0.0578 0.0806
1 0.4703 0.15 0.0578 0.0806
1 0.4336 0.0958 0.0578 0.0806
1 0.4016 0.0389 0.0453 0.0583
1 0.1555 0.2208 0.0516 0.0806
1 0.1352 0.1514 0.0359 0.075
1 0.8875 0.5139 0.0516 0.125
1 0.8156 0.4236 0.0422 0.1028
1 0.7531 0.3486 0.0422 0.1028
1 0.7055 0.2806 0.0422 0.0917
1 0.6594 0.2319 0.0422 0.0917
1 0.6258 0.1694 0.0422 0.0806
1 0.5836 0.1167 0.0422 0.0694
1 0.55 0.0819 0.0422 0.0694
1 0.5219 0.0389 0.0328 0.0583
1 0.8586 0.3556 0.0828 0.075
1 0.8055 0.2875 0.0734 0.0583
